image_width: 640
image_height: 480
camera_name: head_camera
camera_matrix:
  rows: 3
  cols: 3
  data: [620.171888, 0, 332.629017, 0, 620.632981, 239.289967, 0, 0, 1]
distortion_model: plumb_bob
distortion_coefficients:
  rows: 1
  cols: 5
  data: [-0.004489, 0.021969,  0.002500, 0.002184, 0]
rectification_matrix:
  rows: 3
  cols: 3
  data: [1, 0, 0, 0, 1, 0, 0, 0, 1]
projection_matrix:
  rows: 3
  cols: 4
  data: [622.378479, 0, 333.799535, 0, 0, 622.958252, 240.352687, 0, 0, 0, 1, 0]
