image_width: 640
image_height: 480
camera_name: head_camera
camera_matrix:
  rows: 3
  cols: 3
  data: [610.134435784174, 0, 340.6165572859628, 0, 609.4519772817576, 250.4492275027376, 0, 0, 1]
distortion_model: plumb_bob
distortion_coefficients:
  rows: 1
  cols: 5
  data: [0.01700570986404272, 0.04266091836067105, 0.01179922904970009, 0.009369387135244626, 0]
rectification_matrix:
  rows: 3
  cols: 3
  data: [1, 0, 0, 0, 1, 0, 0, 0, 1]
projection_matrix:
  rows: 3
  cols: 4
  data: [622.4000854492188, 0, 345.1773003495473, 0, 0, 621.4693603515625, 255.0205600500267, 0, 0, 0, 1, 0]